1.035357814
1.145838541
1.006962751
1.022171759
1.005013411
1.006034662
1.01152856s
1.008876662
1.081720044
1.068206049
1.041781136
1.011128879
1.007411431
1.017710259
1.048071245
1.031639487
1.041594669
1.033838817
1.014377299
1.019170748
1.003838341
1.009854021
1.124031038
1.052548598
1.220266725
0.997392633
0.996546693
0.981467425
0.982795345
0.993376874
0.986185907
0.989864618
0.993329777
0.987019274
0.982560147
0.981335864
0.981160521
0.997169628
0.981557595
0.98304548
0.981543996
0.98861838
0.989833591
0.983999264
0.988874242
0.980558875
0.985501112
0.997020309
0.996303678
