in ms:

390.118723
398.229518
392.192617
394.880198
392.543477
406.719377
387.976619
390.33017
393.927496
432.481434
396.28012
408.066073
394.680142
390.669035
434.988246
390.111588
387.854687
391.792946
388.059705
405.761197
397.890989
393.51553
392.211218
388.188738
417.667546
388.896768
388.164855
388.757075
391.33286
391.334876
390.74712
389.917253
387.590153
408.050965
387.84608
389.288408
389.035928
402.441512
392.204631
394.092129
391.839812
388.257882
390.08916
394.913204
393.983412
394.974391
414.931642
389.441375
389.038837
386.850187

in s:

0.390118723
0.398229518
0.392192617
0.394880198
0.392543477
0.406719377
0.387976619
0.39033017
0.393927496
0.432481434
0.39628012
0.408066073
0.394680142
0.390669035
0.434988246
0.390111588
0.387854687
0.391792946
0.388059705
0.405761197
0.397890989
0.39351553
0.392211218
0.388188738
0.417667546
0.388896768
0.388164855
0.388757075
0.39133286
0.391334876
0.39074712
0.389917253
0.387590153
0.408050965
0.38784608
0.389288408
0.389035928
0.402441512
0.392204631
0.394092129
0.391839812
0.388257882
0.39008916
0.394913204
0.393983412
0.394974391
0.414931642
0.389441375
0.389038837
0.386850187
