in ms:

720.880405
658.683872
674.91084
661.494228
840.380368
693.314276
713.793704
690.460046
657.804183
656.848073
658.121581
659.85236
669.023951
668.256949
664.236278
677.888655
657.72519
654.372292
657.123369
660.253953
683.578709
660.783486
660.102957
656.456338
659.112998
656.679741
682.825686
668.352957
665.20616
664.627381
660.064796
661.140625
660.98406
664.466136
679.394963
658.04075
656.203429
659.622539
666.489809
660.736239
669.345486
681.779009
656.923921
656.384563
660.814722
661.312826
656.342604
662.655507
659.260308
657.680882

in s:
0.720880405
0.658683872
0.67491084
0.661494228
0.840380368
0.693314276
0.713793704
0.690460046
0.657804183
0.656848073
0.658121581
0.65985236
0.669023951
0.668256949
0.664236278
0.677888655
0.65772519
0.654372292
0.657123369
0.660253953
0.683578709
0.660783486
0.660102957
0.656456338
0.659112998
0.656679741
0.682825686
0.668352957
0.66520616
0.664627381
0.660064796
0.661140625
0.66098406
0.664466136
0.679394963
0.65804075
0.656203429
0.659622539
0.666489809
0.660736239
0.669345486
0.681779009
0.656923921
0.656384563
0.660814722
0.661312826
0.656342604
0.662655507
0.659260308
0.657680882
