in ms:

283.280831
558.000976
219.348256
213.555145
224.72109
199.54855
198.964356
215.520388
198.392597
204.106021
205.390965
196.84993
202.625773
196.760313
201.085428
198.886111
203.310086
192.399299
192.531415
193.04621
197.892033
191.028053
189.727936
191.70617
192.632499
190.621266
191.036904
198.175428
190.631436
193.540015
197.159595
193.522559
192.310491
191.037913
191.42086
191.029687
191.446083
193.237101
192.579306
191.590522
190.389676
191.832505
193.44796
190.311376
220.813539
192.285253
191.648903
192.194816
190.887282
189.47746

in s:

0.283280831
0.558000976
0.219348256
0.213555145
0.22472109
0.19954855
0.198964356
0.215520388
0.198392597
0.204106021
0.205390965
0.19684993
0.202625773
0.196760313
0.201085428
0.198886111
0.203310086
0.192399299
0.192531415
0.19304621
0.197892033
0.191028053
0.189727936
0.19170617
0.192632499
0.190621266
0.191036904
0.198175428
0.190631436
0.193540015
0.197159595
0.193522559
0.192310491
0.191037913
0.19142086
0.191029687
0.191446083
0.193237101
0.192579306
0.191590522
0.190389676
0.191832505
0.19344796
0.190311376
0.220813539
0.192285253
0.191648903
0.192194816
0.190887282
0.18947746
