in ms:

398.549205
384.694803
390.621138
406.201022
396.243043
390.191999
393.59427
399.187431
391.988864
417.250263
389.559283
390.246251
388.111552
400.90137
397.258179
391.522243
392.318424
394.159053
389.173055
391.806189
391.210795
407.851983
399.902173
394.557342
395.627288
391.573677
389.454923
386.617412
388.679076
394.293913
389.852881
389.848475
393.957525
386.228804
393.214349
384.58726
393.192429
391.75433
390.722621
462.174658
511.725293
410.367846
397.395263
386.840998
385.533769
392.406252
402.898555
388.877721
391.303989
442.140671

in s:

0.398549205
0.384694803
0.390621138
0.406201022
0.396243043
0.390191999
0.39359427
0.399187431
0.391988864
0.417250263
0.389559283
0.390246251
0.388111552
0.40090137
0.397258179
0.391522243
0.392318424
0.394159053
0.389173055
0.391806189
0.391210795
0.407851983
0.399902173
0.394557342
0.395627288
0.391573677
0.389454923
0.386617412
0.388679076
0.394293913
0.389852881
0.389848475
0.393957525
0.386228804
0.393214349
0.38458726
0.393192429
0.39175433
0.390722621
0.462174658
0.511725293
0.410367846
0.397395263
0.386840998
0.385533769
0.392406252
0.402898555
0.388877721
0.391303989
0.442140671
0.449283041

