in ms:

50.260748
48.298249
48.665249
49.077179
48.111383
48.081194
49.764112
50.860588
48.793593
51.427254
49.148776
49.641201
49.440268
50.312213
49.989661
49.563012
48.509553
48.750062
50.002098
48.436856
48.349302
49.871753
48.955509
49.16242
49.226876
48.264401
49.454593
48.703044
50.053584
50.058887
50.241171
49.056803
59.044297
63.619891
49.872437
54.12781
53.2653
54.446653
49.88886
49.084529
51.652639
52.381191
48.871678
48.887967
49.023057
49.127789
50.352308
48.39624
49.751432
50.442628
48.172632

in s:

0.050260748
0.048298249
0.048665249
0.049077179
0.048111383
0.048081194
0.049764112
0.050860588
0.048793593
0.051427254
0.049148776
0.049641201
0.049440268
0.050312213
0.049989661
0.049563012
0.048509553
0.048750062
0.050002098
0.048436856
0.048349302
0.049871753
0.048955509
0.04916242
0.049226876
0.048264401
0.049454593
0.048703044
0.050053584
0.050058887
0.050241171
0.049056803
0.059044297
0.063619891
0.049872437
0.05412781
0.0532653
0.054446653
0.04988886
0.049084529
0.051652639
0.052381191
0.048871678
0.048887967
0.049023057
0.049127789
0.050352308
0.04839624
0.049751432
0.050442628
0.048172632

