1.297811416
1.304533923
1.301810428
1.293476802
1.403926754
1.555977104
1.307415686
1.308781128
1.306718337
1.328652227
1.287469303
1.287211808
1.290695911
1.287195059
1.292142909
1.360372489
1.336458342
1.302897002
1.311398312
1.288179998
1.286830911
1.304937598
1.299496861
1.285537655
1.292223678
1.323544227
1.311623119
1.300254067
1.283620668
1.287641321
1.310105549
1.287417263
1.302671354
1.298448774
1.30416336
1.302501099
1.285852301
1.296977418
1.289479062
1.307267184
1.288722822
1.289611998
1.307148892
1.324282207
1.320682341
1.288105534
1.309961593
1.285523288
1.295346111
1.337320627
