1.8653268814086914
1.845083236694336
1.88594388961792
1.881667137145996
1.8645319938659668
1.8156540393829346
1.8099770545959473
1.8172221183776855
1.8075640201568604
1.8200609683990479
1.9248239994049072
1.9914581775665283
1.8321480751037598
1.7996549606323242
1.7993061542510986
1.8175270557403564
1.8977599143981934
1.823361873626709
2.2094781398773193
2.120537042617798
2.0563552379608154
2.35066819190979
2.092257022857666
2.1600091457366943
1.8712430000305176
1.835057020187378
1.9618089199066162
1.8773577213287354
1.8628389835357666
1.8500049114227295
1.8301219940185547
1.84676194190979
1.8327999114990234
1.894862174987793
1.9071199893951416
1.860334873199463
2.7356979846954346
1.8668122291564941
1.8575339317321777
1.8808698654174805
1.8349816799163818
1.8485350608825684
2.0105161666870117
1.9138402938842773
1.843803882598877
1.907907247543335
1.837601900100708
2.154968023300171
2.0359342098236084
1.9159889221191406
