56.47957897186279
55.6453320980072
55.248323917388916
56.99669671058655
55.4383761882782
55.2239670753479
54.87047815322876
56.38449811935425
66.88844299316406
56.85456299781799
54.27164101600647
60.685487031936646
57.54728579521179
55.77005171775818
55.23702311515808
55.97375798225403
57.82535791397095
56.316574811935425
56.24229407310486
55.857540130615234
55.85308003425598
54.437216997146606
56.31748414039612
54.249638080596924
56.44778084754944
55.57728099822998
56.245790004730225
56.54688310623169
55.921286821365356
55.3508038520813
55.93849515914917
55.09202194213867
55.498722076416016
55.52213096618652
55.84336519241333
56.91039228439331
54.999305963516235
56.32861804962158
55.876242876052856
55.04022669792175
56.674396991729736
55.03012013435364
55.747259855270386
55.94282388687134
56.23693776130676
54.44616508483887
60.41976714134216
54.241714000701904
55.8655788898468
55.196826696395874
