145.61346101760864
135.14330196380615
132.2450249195099
134.53476214408875
144.09339690208435
140.19489192962646
139.1675193309784
135.67827773094177
142.25978302955627
135.08661103248596
134.7015519142151
139.47184205055237
136.90994310379028
137.04915714263916
141.7547538280487
142.12558603286743
137.75747990608215
136.91436123847961
137.5048062801361
136.849867105484
140.56534504890442
146.74820804595947
139.3693618774414
144.96508193016052
182.33110094070435
142.0362560749054
171.13053703308105
180.6875822544098
282.4110598564148
160.1205358505249
143.57100582122803
145.37593483924866
144.48959589004517
142.8970696926117
143.677011013031
150.99411177635193
143.75441718101501
141.68950819969177
140.9235498905182
174.37211513519287
135.0446798801422
132.50742602348328
169.7063112258911
132.46986293792725
132.27424788475037
132.2670340538025
131.64868307113647
139.52610278129578
131.95368599891663
134.2740261554718
