16.12365174293518
16.102801084518433
16.554769277572632
17.038254261016846
16.073333024978638
16.10548996925354
16.09897208213806
16.044583082199097
18.12989592552185
17.128652095794678
16.348371982574463
17.20323085784912
16.68049693107605
19.000236988067627
15.850329160690308
15.714175939559937
15.837171077728271
21.38445806503296
31.07338809967041
23.98965573310852
16.32933807373047
16.616515159606934
16.094189882278442
15.97382402420044
17.14709782600403
16.19359827041626
16.14675998687744
16.358620166778564
16.025588274002075
16.00053596496582
17.172510862350464
16.294575929641724
16.078786849975586
16.044044017791748
15.743089199066162
15.95096492767334
16.971318006515503
16.213014125823975
16.12178111076355
15.930520057678223
15.802310943603516
16.23321509361267
16.692612171173096
16.32360863685608
16.299502849578857
16.238306283950806
17.236347198486328
16.130067110061646
20.706135034561157
16.775073051452637
