0.7744441032409668
0.7823452949523926
0.7798888683319092
0.7638158798217773
0.7848262786865234
0.7657310962677002
0.7678818702697754
0.7663607597351074
0.8030641078948975
0.7946910858154297
0.8023078441619873
0.7908210754394531
0.7652201652526855
0.7803840637207031
0.7740099430084229
0.7700209617614746
0.7729620933532715
0.77227783203125
0.7772121429443359
0.7695279121398926
0.7779169082641602
0.7702720165252686
0.7877817153930664
0.7770822048187256
0.7704241275787354
0.7910940647125244
0.8171200752258301
0.7803208827972412
0.7801840305328369
0.7984037399291992
0.7714202404022217
0.775702714920044
0.7727580070495605
0.8195409774780273
0.7687580585479736
0.7757408618927002
0.7882530689239502
0.7807517051696777
0.7799649238586426
0.786555290222168
0.7768368721008301
0.7733170986175537
0.7703068256378174
0.8016119003295898
0.7971169948577881
0.7775301933288574
0.7798349857330322
0.7898118495941162
0.7789020538330078
0.7688722610473633
