1.6958930492401123
1.6690037250518799
1.654731035232544
1.6541047096252441
1.6715421676635742
1.65482497215271
1.6406199932098389
1.6448802947998047
1.7356209754943848
1.6688661575317383
1.6304152011871338
1.6676380634307861
1.6471409797668457
1.666553258895874
1.6182472705841064
1.6603856086730957
1.6614139080047607
1.7346131801605225
1.6813228130340576
1.6503660678863525
1.6648290157318115
1.667504072189331
1.6807177066802979
1.6369690895080566
1.6620128154754639
1.7075328826904297
1.6683881282806396
1.6543433666229248
1.634270191192627
1.6652801036834717
1.693248987197876
1.6328108310699463
1.6663339138031006
1.6367299556732178
1.7409870624542236
1.6596438884735107
1.683931827545166
1.6479318141937256
1.674032211303711
1.6665000915527344
1.7057380676269531
1.6841909885406494
1.6435587406158447
1.7189092636108398
1.7272467613220215
1.6393530368804932
1.6772840023040771
1.6498510837554932
1.6605610847473145
1.6435210704803467
