0.2661910057067871
0.2639732360839844
0.2676200866699219
0.25795507431030273
0.2620689868927002
0.26363301277160645
0.2584381103515625
0.25821900367736816
0.26166200637817383
0.25844597816467285
0.2690412998199463
0.266887903213501
0.2642362117767334
0.2638232707977295
0.2647371292114258
0.26050305366516113
0.2640821933746338
0.26806211471557617
0.26078200340270996
0.26699328422546387
0.28519487380981445
0.26271820068359375
0.2632579803466797
0.26541781425476074
0.2621891498565674
0.26287317276000977
0.26912903785705566
0.2708148956298828
0.2636842727661133
0.2629530429840088
0.2637009620666504
0.26653099060058594
0.2629659175872803
0.2616910934448242
0.2635681629180908
0.2657620906829834
0.2634470462799072
0.2654602527618408
0.289470911026001
0.2773592472076416
0.2850189208984375
0.26505112648010254
0.268068790435791
0.26343727111816406
0.27053213119506836
0.2685120105743408
0.27052807807922363
0.29271912574768066
0.2662320137023926
0.26373887062072754
