0.05648684501647949
0.04727983474731445
0.047216176986694336
0.0481259822845459
0.04714202880859375
0.04759812355041504
0.048134803771972656
0.04735302925109863
0.05186009407043457
0.06729006767272949
0.06204414367675781
0.05651497840881348
0.05064797401428223
0.04708600044250488
0.04761695861816406
0.048026084899902344
0.048390865325927734
0.04839491844177246
0.04906487464904785
0.048098087310791016
0.049262046813964844
0.04956388473510742
0.04717588424682617
0.04765176773071289
0.04708600044250488
0.04799199104309082
0.04771924018859863
0.04784893989562988
0.04963517189025879
0.049072980880737305
0.04694104194641113
0.04808378219604492
0.048840999603271484
0.047190189361572266
0.05535292625427246
0.05384397506713867
0.04824995994567871
0.04877877235412598
0.04827690124511719
0.04774904251098633
0.04749417304992676
0.04844379425048828
0.04729294776916504
0.04757285118103027
0.047515153884887695
0.0485529899597168
0.04756593704223633
0.04740595817565918
0.04916882514953613
0.04706692695617676
