0.0708611011505127
0.07123303413391113
0.07930397987365723
0.08105182647705078
0.07222318649291992
0.07253503799438477
0.07471585273742676
0.0800321102142334
0.0755927562713623
0.07720494270324707
0.07808303833007812
0.0746469497680664
0.0715949535369873
0.0723419189453125
0.07537102699279785
0.07387900352478027
0.0831460952758789
0.0727698802947998
0.07475972175598145
0.07132220268249512
0.07216215133666992
0.07464027404785156
0.07352709770202637
0.07361793518066406
0.07140707969665527
0.07134199142456055
0.07257390022277832
0.0716238021850586
0.07228589057922363
0.07060480117797852
0.07033205032348633
0.07033419609069824
0.07111883163452148
0.0688788890838623
0.07006001472473145
0.07090568542480469
0.0756070613861084
0.07058906555175781
0.06899309158325195
0.0711512565612793
0.07606196403503418
0.06931900978088379
0.07359910011291504
0.07530808448791504
0.08293318748474121
0.06924700736999512
0.07035589218139648
0.07018423080444336
0.07547807693481445
0.07123088836669922
