0.44841980934143066
0.41715288162231445
0.42044687271118164
0.542248010635376
0.49820399284362793
0.4107668399810791
0.4243781566619873
0.42717528343200684
0.42066001892089844
0.4069252014160156
0.42963624000549316
0.41910576820373535
0.43558311462402344
0.40857982635498047
0.40447211265563965
0.39265990257263184
0.3953838348388672
0.39536404609680176
0.3967108726501465
0.3962528705596924
0.39295387268066406
0.39229917526245117
0.39304232597351074
0.39432191848754883
0.39954280853271484
0.3983139991760254
0.3978452682495117
0.4092540740966797
0.4167752265930176
0.40004682540893555
0.40130090713500977
0.3927600383758545
0.40236687660217285
0.39623594284057617
0.4010460376739502
0.4086589813232422
0.39545488357543945
0.400454044342041
0.4003109931945801
0.4021120071411133
0.39080119132995605
0.39273500442504883
0.39673304557800293
0.39699411392211914
0.40547704696655273
0.39646005630493164
0.3963499069213867
0.4014878273010254
0.3910830020904541
0.393002986907959
