0.19719600677490234
0.20979928970336914
0.22255611419677734
0.2079150676727295
0.36188197135925293
0.22351479530334473
0.3282928466796875
0.32381415367126465
0.28174591064453125
0.24933600425720215
0.27396392822265625
0.27652406692504883
0.26226305961608887
0.22899818420410156
0.2042531967163086
0.20190691947937012
0.2105860710144043
0.2011420726776123
0.20219087600708008
0.20612096786499023
0.20481610298156738
0.20002007484436035
0.20042896270751953
0.20040202140808105
0.1988050937652588
0.19722819328308105
0.21488380432128906
0.20731186866760254
0.2526431083679199
0.20803523063659668
0.21512079238891602
0.20081019401550293
0.2520110607147217
0.26516127586364746
0.2543160915374756
0.19629621505737305
0.1950688362121582
0.19691991806030273
0.19867205619812012
0.21093392372131348
0.20531105995178223
0.19573092460632324
0.2008061408996582
0.19691991806030273
0.19527196884155273
0.1986250877380371
0.19889283180236816
0.1968708038330078
0.1985471248626709
0.1968679428100586
