0.6783130168914795
0.6767728328704834
0.671889066696167
0.6754658222198486
0.738304853439331
0.6754169464111328
0.6828079223632812
0.6837399005889893
0.6882040500640869
0.678459882736206
0.675041913986206
0.6777558326721191
0.6763911247253418
0.6835851669311523
0.6841020584106445
0.6723678112030029
0.698976993560791
0.7108988761901855
0.6814908981323242
0.6848602294921875
0.6947789192199707
0.7191867828369141
0.6670627593994141
0.6733088493347168
0.6764578819274902
0.6762979030609131
0.668424129486084
0.7080740928649902
0.6842617988586426
0.6683299541473389
0.6693110466003418
0.661301851272583
0.658135175704956
0.6661670207977295
0.6648228168487549
0.6676039695739746
0.6616461277008057
0.6836810111999512
0.6728549003601074
0.6689760684967041
0.6668729782104492
0.7684528827667236
0.796928882598877
0.7780542373657227
0.6927018165588379
0.6776840686798096
0.6743218898773193
0.712028980255127
0.6813490390777588
0.6722519397735596
