in ms:

145.809066
148.9931
147.599968
147.681722
147.024111
158.257338
147.074915
144.910465
147.81131
149.27114
148.233078
284.260657
169.263376
152.393674
148.547485
150.256733
148.564156
210.378066
163.230966
153.66307
148.885522
158.108415
151.410164
154.378472
177.104364
217.054087
152.984244
164.958718
152.939384
146.956873
153.085766
151.468075
219.716368
147.356445
151.699318
149.645265
153.171326
417.858298
192.700633
212.007004
201.541161
238.33428
185.761165
175.626927
157.190776
153.805139
155.065686
150.765584
156.313449
148.368756

in s:

0.145809066
0.1489931
0.147599968
0.147681722
0.147024111
0.158257338
0.147074915
0.144910465
0.14781131
0.14927114
0.148233078
0.284260657
0.169263376
0.152393674
0.148547485
0.150256733
0.148564156
0.210378066
0.163230966
0.15366307
0.148885522
0.158108415
0.151410164
0.154378472
0.177104364
0.217054087
0.152984244
0.164958718
0.152939384
0.146956873
0.153085766
0.151468075
0.219716368
0.147356445
0.151699318
0.149645265
0.153171326
0.417858298
0.192700633
0.212007004
0.201541161
0.23833428
0.185761165
0.175626927
0.157190776
0.153805139
0.155065686
0.150765584
0.156313449
0.148368756
