in ms:

368.168944
374.270428
378.740204
381.91403
543.62861
508.005172
451.939471
463.521627
455.313657
399.157537
412.554618
367.629644
368.454638
386.893278
368.314167
369.811858
375.4279
370.767315
478.588588
748.63647
434.523453
390.977501
413.475805
410.710224
404.635104
436.423421
387.087860
524.685147
433.999303
380.207072
414.397085
451.611850
766.328101
395.552684
425.126695
419.239702
395.676716
448.141045
385.550162
370.897255
375.567056
389.777997
369.06093
370.210335
727.521938
574.075806
380.514001
374.851878
372.966856
410.8164302

in s:

0.368168944
0.374270428
0.378740204
0.38191403
0.54362861
0.508005172
0.451939471
0.463521627
0.455313657
0.399157537
0.412554618
0.367629644
0.368454638
0.386893278
0.368314167
0.369811858
0.3754279
0.370767315
0.478588588
0.74863647
0.434523453
0.390977501
0.413475805
0.410710224
0.404635104
0.436423421
0.38708786
0.524685147
0.433999303
0.380207072
0.414397085
0.45161185
0.766328101
0.395552684
0.425126695
0.419239702
0.395676716
0.448141045
0.385550162
0.370897255
0.375567056
0.389777997
0.36906093
0.370210335
0.727521938
0.574075806
0.380514001
0.374851878
0.372966856
0.4108164302
