in ms:

812.430747
753.41527
726.151251
1.03208419
748.131746
736.065069
739.569443
856.085501
797.123279
801.31069
746.458659
738.785875
690.893356
699.044233
762.038918
724.472537
700.080666
700.638295
694.93702
692.724613
696.463374
690.639493
691.29124
702.344236
692.645283
688.458357
704.290873
724.179904
690.246259
713.204732
705.151101
699.065266
706.360305
689.676486
696.277666
703.869864
694.554264
692.294854
922.979278
751.470502
698.610741
691.534736
700.413523
700.89306
722.735061
708.505178
702.759167
709.648848
692.402205
798.542327

in s:

0.812430747
0.75341527
0.726151251
0.00103208419
0.748131746
0.736065069
0.739569443
0.856085501
0.797123279
0.80131069
0.746458659
0.738785875
0.690893356
0.699044233
0.762038918
0.724472537
0.700080666
0.700638295
0.69493702
0.692724613
0.696463374
0.690639493
0.69129124
0.702344236
0.692645283
0.688458357
0.704290873
0.724179904
0.690246259
0.713204732
0.705151101
0.699065266
0.706360305
0.689676486
0.696277666
0.703869864
0.694554264
0.692294854
0.922979278
0.751470502
0.698610741
0.691534736
0.700413523
0.70089306
0.722735061
0.708505178
0.702759167
0.709648848
0.692402205
0.798542327
