1.132530362
1.118452086
1.181452571
1.139753667
1.149102121
1.118113968
1.11364398
1.144743919
1.149673508
1.115132115
1.112005113
1.113112953
1.118582618
1.172340957
1.139872174
1.193024228
1.119889136
1.112735989
1.223769152
1.149974187
1.113655043
1.112234267
1.115857731
1.159132218
1.233531854
1.145687774
1.122130689
1.118555764
1.116775632
1.129597369
1.124710853
1.261489111
1.147213083
1.11339738
1.182715984
1.161949108
1.1393194
1.11452391
1.123763221
1.1482225
1.136919151
1.115038002
1.198042857
1.117572705
1.345726804
1.297668947
1.213075799
1.134887794
1.118207682
1.116251873
