1.466158024
1.407176846
1.35743321
1.528714694
1.372382186
1.319186585
1.526164625
1.301540354
1.498254632
1.347238675
1.324598803
1.280764909
1.33109647
1.385332505
1.280411731
1.267330115
1.338015352
1.305651092
1.267779514
1.273564767
1.247857063
1.265978263
1.233489548
1.307056841
1.267217812
1.248442305
1.318667958
1.271182752
1.300968997
1.358184533
1.279804432
1.623136665
1.300061089
1.453060471
1.448734009
1.35536735
1.46622265
1.692302186
1.574101122
1.518917721
1.431236468
1.324484919
1.707090793
1.626244308
1.401909646
1.757910878
1.509596036
1.446174566
1.524171409
1.700435829
