in ms:

510.693472
495.038674
511.723341
503.571465
512.256731
500.799114
506.962691
510.831871
497.168906
508.33236
497.791607
537.811614
504.126765
503.927123
504.658078
534.412762
510.55624
502.161885
499.623471
510.398141
498.261399
517.033016
505.146633
506.364502
497.821718
497.788877
502.181832
495.608882
499.752636
507.334598
527.932753
499.358683
505.092278
515.389091
558.84763
633.957905
561.267228
619.740676
509.957127
624.980709
526.552566
505.28529
512.484595
498.17951
497.877621
508.920493
496.666279
492.494387
537.874021
518.345936
529.1927361

in s:

0.510693472
0.495038674
0.511723341
0.503571465
0.512256731
0.500799114
0.506962691
0.510831871
0.497168906
0.50833236
0.497791607
0.537811614
0.504126765
0.503927123
0.504658078
0.534412762
0.51055624
0.502161885
0.499623471
0.510398141
0.498261399
0.517033016
0.505146633
0.506364502
0.497821718
0.497788877
0.502181832
0.495608882
0.499752636
0.507334598
0.527932753
0.499358683
0.505092278
0.515389091
0.55884763
0.633957905
0.561267228
0.619740676
0.509957127
0.624980709
0.526552566
0.50528529
0.512484595
0.49817951
0.497877621
0.508920493
0.496666279
0.492494387
0.537874021
0.518345936
0.5291927361