in ms:

17.625186
17.641068
17.66637
18.061949
17.447239
17.989635
17.984904
18.302673
17.795832
17.917536
17.320722
25.050245
20.583601
19.80309
19.690893
17.729473
18.772271
17.501236
17.350307
17.815106
18.659475
22.77272
17.539351
19.303876
17.708816
20.350944
20.064231
18.275188
18.178456
20.164075
18.517584
18.135987
18.433103
20.819428
18.399052
18.999053
17.905653
17.763273
20.204908
18.058767
18.022476
18.64956
18.429875
18.33964
18.100048
18.400825
18.730169
20.15804
17.740946
26.515643

in s:
0.017625186
0.017641068
0.01766637
0.018061949
0.017447239
0.017989635
0.017984904
0.018302673
0.017795832
0.017917536
0.017320722
0.025050245
0.020583601
0.01980309
0.019690893
0.017729473
0.018772271
0.017501236
0.017350307
0.017815106
0.018659475
0.02277272
0.017539351
0.019303876
0.017708816
0.020350944
0.020064231
0.018275188
0.018178456
0.020164075
0.018517584
0.018135987
0.018433103
0.020819428
0.018399052
0.018999053
0.017905653
0.017763273
0.020204908
0.018058767
0.018022476
0.01864956
0.018429875
0.01833964
0.018100048
0.018400825
0.018730169
0.02015804
0.017740946
0.026515643
0.019026756
