in ms:

157.603778
158.555716
174.657368
157.180332
151.705754
160.714099
150.785206
156.903453
149.875053
150.545675
148.1939
151.712861
149.723799
150.51718
149.655363
148.142019
152.346953
151.468062
155.548578
150.401386
155.473376
157.702644
151.55749
150.019619
146.817635
155.380958
152.580423
148.739969
148.298008
155.954604
145.512464
150.568602
159.863436
168.947692
155.554305
149.503793
155.266017
152.346629
159.788427
167.316711
147.330143
149.623605
156.748638
146.89116
146.992137
148.485499
153.594962
153.334588
151.414537
152.85962

in s:

0.157603778
0.158555716
0.174657368
0.157180332
0.151705754
0.160714099
0.150785206
0.156903453
0.149875053
0.150545675
0.1481939
0.151712861
0.149723799
0.15051718
0.149655363
0.148142019
0.152346953
0.151468062
0.155548578
0.150401386
0.155473376
0.157702644
0.15155749
0.150019619
0.146817635
0.155380958
0.152580423
0.148739969
0.148298008
0.155954604
0.145512464
0.150568602
0.159863436
0.168947692
0.155554305
0.149503793
0.155266017
0.152346629
0.159788427
0.167316711
0.147330143
0.149623605
0.156748638
0.14689116
0.146992137
0.148485499
0.153594962
0.153334588
0.151414537
0.15285962
0.152942823
