17.21794295310974
17.183701038360596
17.541882038116455
17.78695297241211
17.664284229278564
17.221140384674072
26.16085410118103
26.233190059661865
18.242799997329712
19.601545095443726
17.5332350730896
17.431884050369263
16.93709397315979
18.617261171340942
18.020705938339233
22.23781180381775
38.58065104484558
30.40511918067932
20.41551899909973
17.769979000091553
17.607359170913696
20.933987140655518
19.48621702194214
17.661075115203857
17.999781131744385
22.140668153762817
20.270134687423706
18.815815925598145
17.785822868347168
17.866336822509766
21.198902130126953
17.813575983047485
18.048049211502075
18.753257989883423
17.692115783691406
18.930537939071655
17.729348182678223
17.804522037506104
18.473652124404907
18.24505114555359
17.60707998275757
17.599621057510376
17.454617738723755
18.467017889022827
18.063226222991943
17.73416805267334
17.43577289581299
17.696113109588623
18.000166177749634
19.925173044204712
