45.19466495513916
33.86521792411804
33.688292026519775
34.251835107803345
34.5061149597168
44.29138803482056
61.96332502365112
37.04241895675659
32.139734983444214
47.96698212623596
47.97832989692688
68.4329149723053
115.70641827583313
54.33645796775818
33.153690814971924
34.27084183692932
33.45369005203247
32.70995593070984
35.16270971298218
32.42565298080444
32.11415696144104
33.43841624259949
35.6767201423645
35.362871170043945
34.795854806900024
39.204967975616455
32.432283878326416
33.85560488700867
32.21208190917969
32.66795611381531
32.300731897354126
32.25155591964722
31.834912061691284
34.11117911338806
33.02499508857727
33.7077898979187
33.66252422332764
33.53282403945923
32.026787757873535
32.502392053604126
32.86687088012695
31.808308839797974
33.35638189315796
32.369117736816406
32.803926944732666
34.27432703971863
32.10354685783386
33.042255878448486
34.75399088859558
31.290528059005737
