8.268738031387329
7.833026885986328
8.162859201431274
8.39541506767273
7.92276406288147
8.030170917510986
8.064356803894043
7.781033992767334
7.605413198471069
7.858198165893555
7.890795946121216
7.892709255218506
8.31430697441101
8.351847171783447
7.735026836395264
7.660078763961792
8.08406400680542
7.851272106170654
7.926750898361206
7.936640024185181
8.260480880737305
7.799062967300415
7.658974885940552
7.563939094543457
8.666086912155151
8.502656936645508
7.779489040374756
8.026753902435303
7.99927020072937
7.703266143798828
7.760231018066406
7.711034774780273
7.729501962661743
7.4385950565338135
7.481901168823242
7.5151801109313965
9.09765887260437
9.945566892623901
9.195200204849243
8.60340404510498
7.743164300918579
7.791104078292847
7.816420316696167
7.724822998046875
7.567118167877197
7.382390022277832
7.599508047103882
8.07413911819458
7.618350028991699
7.588968992233276