51.177050828933716
53.9722580909729
51.16857194900513
52.726109981536865
48.5322380065918
52.54585814476013
50.090080976486206
50.9643931388855
51.63293194770813
52.671679973602295
51.161949157714844
50.87387490272522
52.29984378814697
51.87192988395691
52.318119764328
53.88555312156677
53.37897300720215
52.41265082359314
54.36732792854309
52.25035309791565
53.57726502418518
52.87411403656006
52.27535319328308
51.9161479473114
51.67677402496338
53.754114866256714
49.99770188331604
52.48621988296509
50.691702127456665
52.63140678405762
54.07157826423645
52.35174298286438
51.90545320510864
50.085660219192505
51.35184407234192
51.217796087265015
51.46621489524841
51.628045082092285
51.59215188026428
52.86548113822937
50.794734954833984
51.40843605995178
52.322309255599976
51.9170241355896
51.30163788795471
51.55198788642883
49.30454611778259
50.69140601158142
51.60980463027954
53.55769205093384
